0.00294609498675
-1105.40891262
2537.01865777
-8.22911971742e-08
421522566.373
978085420.012
-0.0063281285929
2321235274.34
0.0484094129134
4.63135016798e-11

300.0
THIS
3010.23191176
44831.6697787
EQUALS
3010.23191176
44831.6697787
array('d', [500.0, 750.0, 900.0, 1025.0, 4000.0])
-85.0430219026
-64.7304683376
130.955008142


420.0
THIS
4139.73137251
63658.491108
EQUALS
4139.73137251
63658.491108
array('d', [500.0, 825.0, 1000.0, 1100.0, 1225.0, 4000.0])
47.3156432384
-243.804047329
143.39996404
20.0223333073


550.0
THIS
1184.65426835
21160.2614623
EQUALS
1184.65426835
21160.2614623
array('d', [500.0, 975.0, 1250.0, 1350.0, 1475.0, 4000.0])
-106.920509622
-101.673094863
72.4070200283
99.5833875879


660.0
THIS
555.475729562
11957.682509
EQUALS
555.475729562
11957.682509
array('d', [500.0, 1200.0, 1450.0, 1575.0, 1700.0, 1875.0, 2350.0, 4000.0])
218.652812171
16.7116999207
226.609283981
-79.0907901548
-294.283855428
-152.729809627


1060.0
THIS
13.7827606127
361.649170898
EQUALS
13.7827606127
361.649170898
array('d', [500.0, 1875.0, 2250.0, 2450.0, 2775.0, 4000.0])
-86.3560797595
-135.784821951
146.149990615
50.3770382604


1250.0
THIS
1.3523498401
63.8478874415
EQUALS
1.3523498401
63.8478874415
array('d', [500.0, 2400.0, 2825.0, 4000.0])
-41.9460059007
35.4875342184

[0.06714521066523896, 0.06503030939721122, 0.0559848596608277, 0.046453460287478404, 0.03811085914685447, 0.02118080792169232]
[0.07962035432449059, 0.058722673998147124, 0.055148597714493715, 0.04551242789424532, 0.03454883090476739, 0.026991558833591667]
[0.05764688406380529, 0.04164297286265081, 0.04267034233280936, 0.04252970742461799, 0.035847756470677394, 0.008104286516625354]
