0.000177952435137
-1810.94121103
353.415133239
-7.33330945364e-08
18990921189.3
3670513186.78
-0.589262353735
734045147.319
-0.0160458390768
4.42603532014e-10

300.0
THIS
410.737341642
4934.96901366
EQUALS
410.737341642
4934.96901366
array('d', [500.0, 775.0, 950.0, 4000.0])
18.1044988651
-24.3454128917


420.0
THIS
554.547610253
7748.66122395
EQUALS
554.547610253
7748.66122395
array('d', [500.0, 850.0, 1100.0, 4000.0])
-39.0119093083
30.8880745186


550.0
THIS
149.141653173
2333.12865306
EQUALS
149.141653173
2333.12865306
array('d', [500.0, 1025.0, 1375.0, 4000.0])
48.9009736472
-56.0303458204


660.0
THIS
63.4293403104
1379.93584345
EQUALS
63.4293403104
1379.93584345
array('d', [500.0, 1175.0, 1575.0, 1850.0, 4000.0])
-33.7050506547
9.08359899436
8.93018732882


1060.0
THIS
1.90300243348
41.8226517364
EQUALS
1.90300243348
41.8226517364
array('d', [500.0, 1925.0, 2475.0, 4000.0])
-38.8246994679
32.6705927854


1250.0
THIS
0.451186530292
7.10460468382
EQUALS
0.451186530292
7.10460468382
array('d', [500.0, 2475.0, 3100.0, 4000.0])
-2.76488555863

[0.08322997378612974, 0.07156689319946155, 0.06392345873308912, 0.045965427024262824, 0.04550171628215598, 0.06350621186845078]
[0.07949569329954442, 0.06644704714819599, 0.06817601743858107, 0.0579220224430524, 0.033725175161079694, 0.033881184677728514]
[0.05127832207253258, 0.054456844903820335, 0.058730242016141285, 0.04454559796673473, 0.027688217356855664, 0.0]
