0.00193638965906
-59.0117593563
-47.7934797346
-3.5340678147e-06
849041.232822
1457048.03724
0.0458473358508
627910.31514
0.0365777128839
1.72628999238e-09

350.0
THIS
401.112778544
4824.9158892
EQUALS
401.112778544
4824.9158892
array('d', [500.0, 775.0, 950.0, 4000.0])
18.1108902681
-24.3602202027


420.0
THIS
167.073268235
2130.78979373
EQUALS
167.073268235
2130.78979373
array('d', [500.0, 900.0, 1175.0, 4000.0])
60.8220428857
-63.6016862204


450.0
THIS
192.163727492
3135.16335624
EQUALS
192.163727492
3135.16335624
array('d', [500.0, 850.0, 1250.0, 4000.0])
-13.8092585344
10.2834268603


500.0
THIS
286.163465112
3427.01464573
EQUALS
286.163465112
3427.01464573
array('d', [500.0, 925.0, 1200.0, 4000.0])
4.49783383317
-11.4542880701


590.0
THIS
81.4137114361
1917.28760576
EQUALS
81.4137114361
1917.28760576
array('d', [500.0, 1075.0, 1375.0, 1625.0, 4000.0])
-5.70583615869
-55.0746918004
48.5866200765


720.0
THIS
38.4795299768
837.101914391
EQUALS
38.4795299768
837.101914391
array('d', [500.0, 1325.0, 1750.0, 2200.0, 4000.0])
-35.0394412756
29.9231957178
-11.2123727186

[0.08313363129126752, 0.07840908039186774, 0.061293051001424105, 0.08350225916582502, 0.04246296235963807, 0.045967557014658884]
[0.07946712714499984, 0.07783356738511865, 0.06406640335347022, 0.061734093584190596, 0.06150579357013893, 0.06450180185221642]
[0.05127623336430566, 0.052975806774527, 0.06777253729999663, 0.04231538555530526, 0.05284983070761303, 0.04483678659061928]
