9.96529034509e-05
-0.000320681797642
-0.000135544086622
-2.60370994438e-07
0.00761628508135
0.011759648173
4.04650728489e-07
0.00459941833218
1.76734052847e-07
1.88584779721e-10

350.0
THIS
2800.58103113
24622.3791526
EQUALS
2800.58103113
24622.3791526
array('d', [500.0, 1025.0, 1200.0, 1300.0, 1450.0, 4000.0])
-10.2861785255
0.515189305876
0.0206970196228
-9.824190677e-06


420.0
THIS
1071.72398902
9646.83010911
EQUALS
1071.72398902
9646.83010911
array('d', [500.0, 1150.0, 1350.0, 1525.0, 4000.0])
-16.1777943278
-0.000934182390863
-2.37134989498e-06


450.0
THIS
1424.59245887
12026.653177
EQUALS
1424.59245887
12026.653177
array('d', [500.0, 1125.0, 1375.0, 1475.0, 1725.0, 4000.0])
-7.95087421468
0.484002142289
0.00721396407318
-9.90070650945e-05


500.0
THIS
1033.26876532
11175.6559037
EQUALS
1033.26876532
11175.6559037
array('d', [500.0, 1225.0, 1550.0, 1700.0, 1925.0, 4000.0])
-8.97327912605
1.43219706124
0.00387637011472
1.52813458403e-05


590.0
THIS
486.973027291
5188.50591295
EQUALS
486.973027291
5188.50591295
array('d', [500.0, 1450.0, 1800.0, 1950.0, 2125.0, 2425.0, 4000.0])
-15.5157612135
7.55649940794
0.112471495754
0.000120449989536


720.0
THIS
206.851332411
2279.79829369
EQUALS
209.011741616
2279.79829369
array('d', [500.0, 1675.0, 2300.0, 2650.0, 3025.0, 3500.0, 4000.0])
-2694.54667296
-48.7004460825
2573.62474139
53.8233043866
0.000513574778714

[0.11374128445368144, 0.11109597421114915, 0.11845294263547698, 0.09245710267172363, 0.09385611878662214, 0.09073229547686319]
[0.1243333271456744, 0.08866808749233157, 0.1064132643718651, 0.09663641040851614, 0.09068054483697269, 0.07445649625083557]
[0.09901061273302773, 0.0686169878920956, 0.0868010453731354, 0.07200622256585919, 0.08079852166962065, 0.07175568507515949]
