0.0165867376087
-0.818397333203
4.90167344672
-1.17666836235e-05
749.156349421
1698.82784632
-0.000435374993675
3385.50612402
0.00311278859008
6.64171352439e-09

350.0
THIS
-3.84548805654
-10.487776354
EQUALS
-3.84548805654
-10.487776354
array('d', [500.0, 4000.0])
-5.32711387487


420.0
THIS
-1.96762919426
-5.40566514246
EQUALS
-1.96762919426
-5.40566514246
array('d', [500.0, 4000.0])
-3.7645920059


450.0
THIS
-2.42674610019
-6.78332181089
EQUALS
-2.42674610019
-6.78332181089
array('d', [500.0, 4000.0])
-4.14036455049


500.0
THIS
-1.50462875888
-6.12796494924
EQUALS
-1.50462875888
-6.12796494924
array('d', [500.0, 4000.0])
-2.95097953651


590.0
THIS
-0.694795189425
-2.913889613
EQUALS
-0.694795189425
-2.913889613
array('d', [500.0, 4000.0])
-1.77806658649


720.0
THIS
9.5487639904
138.394141709
EQUALS
9.9285527505
138.394141709
array('d', [500.0, 2650.0, 3050.0, 3225.0, 3475.0, 3775.0, 4000.0])
-498.380082657
471.885561722
23.1645885056
1.91803423456
0.0104919123813

[0.3666638119233192, 0.363993910537273, 0.3577518755328282, 0.24553481805819913, 0.23844252243633085, 0.06899688001570548]
[0.27601568722331354, 0.323472065372434, 0.3518864522002319, 0.3872870797969275, 0.33044551417089224, 0.07203475726142125]
[0.28362723022996156, 0.351090528874765, 0.06361023136830915, 0.24227705444519343, 0.08487318689863431, 0.06894332574276395]
