0.000155232348098
-0.778038742367
-0.752608182948
-3.34264978986e-07
1473.16932943
2778.85839201
0.000793402115865
1315.47282499
0.000770306219181
1.88265618794e-10

350.0
THIS
1487.89676745
22587.2553087
EQUALS
1487.89676745
22587.2553087
array('d', [500.0, 750.0, 875.0, 1000.0, 4000.0])
3.16146430868
-126.671147284
105.150118971


420.0
THIS
561.465574708
8377.78213767
EQUALS
561.465574708
8377.78213767
array('d', [500.0, 850.0, 975.0, 1225.0, 4000.0])
-10.3754204042
-8.51539093636
8.9250858364


450.0
THIS
645.974452525
9151.41990134
EQUALS
645.974452525
9151.41990134
array('d', [500.0, 850.0, 1025.0, 1350.0, 4000.0])
141.32923398
99.0282648452
-251.593900254


500.0
THIS
413.083004653
6147.52692759
EQUALS
413.083004653
6147.52692759
array('d', [500.0, 925.0, 1225.0, 4000.0])
-10.0940505646
-0.827692168566


590.0
THIS
320.317619976
5496.11299421
EQUALS
320.317619976
5496.11299421
array('d', [500.0, 1075.0, 1375.0, 1450.0, 1550.0, 1875.0, 4000.0])
29.1139418151
100.909528266
-92.693209729
-98.4560995916
19.7769516879


720.0
THIS
169.58221161
3767.9810434
EQUALS
169.58221161
3767.9810434
array('d', [500.0, 1250.0, 1600.0, 1725.0, 1875.0, 2075.0, 2675.0, 4000.0])
10.4353785476
436.614392521
129.757194531
-21.3424208481
-664.763685959
42.5104729634

[0.06587328770669826, 0.06701840242216711, 0.07058734704446995, 0.06719498906125468, 0.05828075592935664, 0.0450061212242231]
[0.07775067774256872, 0.06642884003180147, 0.049296601250558056, 0.06166875101874419, 0.05790046537687721, 0.044804584375555116]
[0.05455623865660656, 0.04035278602520379, 0.04891171736410297, 0.03640429355899269, 0.04674500373425818, 0.04306824035108576]
